GoT Paperback 1, 13, 22, 28, 39, 49, 58, 68, 76, 86, 93, 99, 109, 118, 128, 139, 153, 160, 165, 176, 190, 203, 215, 226, 237, 250, 259, 272, 283, 293, 305, 324, 338, 351, 359, 378, 385, 396, 410, 424, 431, 444, 452, 462, 472, 480, 489, 501, 515, 523, 530, 542, 552, 568, 583, 595, 607, 618, 628, 638, 652, 665, 675, 694, 702, 716, 729, 741, 751, 762, 772, 785, 798
CoK Paperback 1, 30, 38, 53, 70, 81, 93, 107, 122, 136, 145, 164, 187, 203, 211, 228, 243, 261, 279, 289, 307, 323, 334, 354, 377, 397, 413, 422, 433, 444, 455, 470, 485, 495, 507, 519, 528, 537, 547, 557, 574, 587, 604, 624, 634, 649, 663, 675, 698, 709, 720, 736, 750, 762, 772, 783, 800, 811, 819, 837, 844, 852, 861, 870, 885, 904, 916, 931, 942, 956
SoS Paperback 1, 18, 33, 43, 53, 67, 75, 91, 105, 122, 133, 146, 161, 173, 188, 202, 220, 227, 236, 254, 273, 285, 298, 311, 331, 344, 355, 367, 382, 395, 405, 413, 425, 441, 460, 474, 488, 503, 517, 530, 545, 556, 571, 590, 603, 620, 637, 648, 659, 670, 686, 693, 706, 711, 722, 738, 755, 774, 793, 799, 809, 832, 842, 857, 868, 883, 894, 912, 927, 946, 960, 977, 996, 1011, 1027, 1042, 1053, 1062, 1074, 1087, 1098, 1116
FfC Paperback 1, 23, 42, 65, 80, 101, 124, 140, 164, 184, 206, 226, 244, 263, 283, 306, 322, 338, 362, 379, 398, 424, 444, 467, 490, 517, 537, 557, 584, 608, 634, 656, 674, 694, 718, 740, 754, 778, 800, 819, 838, 864, 897, 917, 940, 959
DwD Paperback

GoT Hardcover 1, 11, 18, 23, 33, 41, 49, 57, 64, 72, 77, 82, 91, 99, 107, 116, 128, 134, 138, 148, 160, 171, 181, 190, 200, 210, 218, 227, 238, 246, 256, 274, 284, 294, 301, 317, 321, 332, 341, 354, 360, 371, 378, 386, 394, 401, 409, 419, 430, 437, 443, 453, 462, 475, 487, 497, 507, 516, 524, 532, 544, 555, 564, 580, 587, 599, 610, 620, 628, 637, 645, 656, 667
CoK Hardcover 1, 22, 28, 39, 52, 61, 70, 81, 93, 104, 111, 125, 142, 154, 160, 172, 183, 197, 211, 219, 232, 244, 252, 267, 284, 299, 311, 317, 325, 333, 341, 352, 364, 372, 381, 390, 397, 404, 411, 418, 431, 441, 454, 469, 477, 488, 498, 507, 523, 533, 541, 553, 564, 573, 581, 589, 602, 611, 617, 630, 636, 642, 649, 656, 667, 681, 690, 701, 709, 719
SoS Hardcover 1, 15, 27, 35, 43, 54, 61, 74, 86, 100, 109, 120, 132, 142, 155, 166, 181, 187, 195, 209, 225, 238, 246, 257, 274, 285, 294, 304, 316, 327, 336, 342, 352, 365, 381, 392, 404, 416, 428, 439, 452, 461, 473, 489, 500, 514, 528, 537, 546, 555, 568, 574, 584, 588, 597, 610, 624, 639, 654, 659, 667, 685, 693, 705, 714, 726, 735, 750, 762, 778, 789, 803, 818, 830, 843, 855, 864, 871, 881, 891, 900, 915
FfC Hardcover 1, 17, 30, 46, 56, 71, 87, 99, 116, 130, 145, 159, 172, 185, 199, 215, 226, 238, 255, 267, 280, 298, 312, 328, 344, 363, 377, 391, 410, 427, 445, 460, 473, 485, 504, 519, 529, 546, 0, 561, 587, 605, 628, 642, 658, 672
DwD Hardcover 16, 31, 46, 60, 71, 83, 95, 112, 123, 134, 148, 161, 169, 179, 192, 203, 218, 232, 243, 253, 267, 276, 293, 306, 320, 332, 351, 372, 382, 395, 407, 420, 434, 448, 461, 473, 484, 500, 514, 524, 536, 549, 564, 579, 593, 605, 618, 632, 647, 661, 673, 687, 700, 717, 730, 741, 754, 769, 783, 793, 801, 814, 827, 835, 848, 860, 872, 887, 899, 914, 929, 944